Levin_Radi_1_1_best : 0.4133634865283966
Levin_Radi_1_2_best : 0.47940343618392944
Levin_Radi_1_3_best : 0.14520880579948425
Levin_Radi_1_4_best : 0.19357550144195557
Levin_Radi_1_5_best : 0.9300335049629211
Levin_Radi_1_6_best : 0.07957290858030319
Levin_Radi_1_7_best : 0.09075134247541428
Levin_Radi_1_8_best : 0.12534667551517487
Levin_Radi_2_1_best : 0.2680681049823761
Levin_Radi_2_2_best : 0.8872140645980835
Levin_Radi_2_3_best : 0.1694193035364151
Levin_Radi_2_4_best : 0.30296409130096436
Levin_Radi_2_5_best : 0.7675026059150696
Levin_Radi_2_6_best : 0.08135407418012619
Levin_Radi_2_7_best : 0.06396167725324631
Levin_Radi_2_8_best : 0.10358022898435593
Levin_Radi_3_1_best : 0.21940460801124573
Levin_Radi_3_2_best : 0.325752317905426
Levin_Radi_3_3_best : 0.09829076379537582
Levin_Radi_3_4_best : 0.06589555740356445
Levin_Radi_3_5_best : 0.9467034339904785
Levin_Radi_3_6_best : 0.05574463680386543
Levin_Radi_3_7_best : 0.05048065632581711
Levin_Radi_3_8_best : 0.11526675522327423
Levin_Radi_4_1_best : 0.5524912476539612
Levin_Radi_4_2_best : 0.6044003963470459
Levin_Radi_4_3_best : 0.3238021433353424
Levin_Radi_4_4_best : 0.2842599153518677
Levin_Radi_4_5_best : 2.1130855083465576
Levin_Radi_4_6_best : 0.08692110329866409
Levin_Radi_4_7_best : 0.0862574353814125
Levin_Radi_4_8_best : 0.09059135615825653
